M2  
0.806616 223.108162
0.769003 223.439720
0.670697 222.576360
0.601076 222.503824
0.540212 221.925801
0.489486 221.283924
0.457620 220.998206
0.446877 221.012774
0.441034 221.077485
0.436599 221.113089
0.433639 221.280277
0.427430 221.499564
0.421558 221.753234
0.415705 222.029207
0.409394 222.315390
0.402390 222.616916
0.394756 222.936996
0.386585 223.277369
0.378004 223.640655
0.369082 224.030129
0.359727 224.451092
0.349806 224.912340
0.339325 225.422492
0.328537 225.988563
0.317542 226.619599
0.306407 227.324485
0.295077 228.115557
0.283511 229.008275
0.271771 230.018368
0.259990 231.157692
0.248305 232.436782
0.236753 233.875320
0.225292 235.501111
0.213976 237.338449
0.202850 239.414060
0.191839 241.771755
0.180825 244.484501
0.170197 247.558844
0.159760 251.123599
0.150562 255.032130
0.142285 259.428016
0.135112 264.311431
0.128946 269.779808
0.124002 275.833371
0.120635 282.293595
0.118934 288.855202
0.118739 295.392586
0.120046 301.533536
0.122687 307.333159
0.126424 312.628571
0.131084 317.381257
0.136447 321.615051
0.142267 325.287933
0.148356 328.458482
0.154587 331.188175
0.160881 333.552546
0.167216 335.631826
0.173566 337.486498
0.179843 339.120245
0.186065 340.573563
0.192124 341.864696
0.197967 342.992174
0.203650 343.982716
0.209268 344.896186
0.214745 345.725992
0.220148 346.490162
0.225494 347.187987
0.230741 347.821998
0.235881 348.404206
0.240945 348.941302
0.246001 349.449741
0.250919 349.912670
0.255686 350.323409
0.260367 350.693391
0.264923 351.019550
0.269365 351.310161
0.273715 351.570743
0.277953 351.797086
0.282069 351.989439
0.286087 352.151968
0.290020 352.286342
0.293831 352.396131
0.297615 352.487333
0.301362 352.551547
0.304937 352.580097
0.308424 352.583945
0.311851 352.566126
0.315226 352.525682
0.318568 352.462744
0.321870 352.375372
0.325124 352.268278
0.328318 352.146641
0.331443 352.007570
0.334505 351.853965
0.337506 351.686654
0.340460 351.510382
0.343364 351.323947
0.346237 351.131723
0.349090 350.936353
0.351927 350.740565
0.354726 350.540997
0.357504 350.341690
0.360262 350.143793
0.362989 349.947985
0.365679 349.754382
0.368341 349.563489
0.370978 349.377810
0.373593 349.196896
0.376179 349.021068
0.378737 348.851420
0.381275 348.684453
0.383778 348.526305
0.386263 348.371264
0.388727 348.222136
0.391174 348.077193
0.393607 347.935560
0.395945 347.800874
0.398264 347.664764
0.400551 347.536780
0.402774 347.415990
0.404934 347.302136
0.407049 347.191527
0.409070 347.085079
0.411009 346.986548
0.412849 346.889490
0.414579 346.800519
0.416520 346.694733
0.418410 346.588930
0.420252 346.487159
0.422060 346.385969
0.423810 346.286370
0.425508 346.190318
0.427173 346.091951
0.428792 345.993921
0.430351 345.897882
0.431881 345.805231
0.433756 345.733602
0.435755 345.691679
0.437425 345.631863
0.439017 345.542868
0.440558 345.463554
0.442059 345.391669
0.445464 345.336054
0.449971 345.301352
0.455815 345.298289
0.462257 345.325568
0.470716 345.404752
0.479170 345.489644
0.487245 345.587334
0.495104 345.698932
0.503033 345.847921
0.511004 346.021049
0.518750 346.186558
0.525955 346.357250
0.532984 346.529962
0.539225 346.722230
0.545267 346.892494
0.550831 347.049313
0.556084 347.193465
0.559774 347.295683
0.563196 347.377014
0.566598 347.448284
0.569973 347.509162
0.572648 347.540033
0.575252 347.560092
0.577865 347.582074
0.580400 347.598690
0.582262 347.594961
0.584084 347.586153
0.585940 347.583604
0.587752 347.577469
0.589153 347.558928
0.590444 347.535730
0.591711 347.514213
0.592961 347.490027
0.594137 347.461515
0.595210 347.421652
0.596246 347.384614
0.597239 347.351710
0.598165 347.319645
0.598967 347.295401
0.599342 347.311689
0.599616 347.332750
0.599986 347.367183
0.600299 347.401350
0.600555 347.432598
S2  
0.277961 250.046097
0.263204 249.907908
0.226645 248.128130
0.201925 247.662742
0.180333 246.996226
0.162289 246.474414
0.150853 246.395001
0.146915 246.545540
0.144902 246.664939
0.143823 246.596473
0.142900 246.675417
0.140811 246.863490
0.138851 247.093703
0.136919 247.363415
0.134830 247.655195
0.132495 247.972597
0.129937 248.320870
0.127191 248.702080
0.124305 249.117320
0.121307 249.566774
0.118173 250.052870
0.114862 250.581310
0.111380 251.154687
0.107817 251.770660
0.104205 252.429431
0.100566 253.130824
0.096874 253.879786
0.093113 254.684880
0.089298 255.555920
0.085468 256.501964
0.081663 257.534615
0.077892 258.676973
0.074133 259.963469
0.070399 261.427610
0.066697 263.109302
0.062996 265.065622
0.059251 267.381635
0.055593 270.083187
0.051963 273.306862
0.048723 276.923381
0.045780 281.061419
0.043203 285.711881
0.040961 290.955116
0.039122 296.772114
0.037791 302.967513
0.036982 309.244362
0.036623 315.510692
0.036704 321.426530
0.037159 327.075235
0.037921 332.326896
0.038944 337.152592
0.040171 341.575937
0.041546 345.538935
0.043021 349.076950
0.044565 352.230513
0.046156 355.052946
0.047791 357.609531
0.049461 359.951627
0.051140 2.067192
0.052830 3.988521
0.054500 5.731558
0.056127 7.286492
0.057723 8.676026
0.059314 9.971113
0.060875 11.162233
0.062422 12.266803
0.063948 13.281364
0.065444 14.211294
0.066907 15.071669
0.068345 15.870028
0.069782 16.625990
0.071178 17.321462
0.072522 17.948099
0.073840 18.519375
0.075110 19.033121
0.076339 19.501201
0.077529 19.929650
0.078675 20.315068
0.079768 20.660208
0.080826 20.968962
0.081847 21.243889
0.082826 21.491249
0.083793 21.715338
0.084731 21.907703
0.085609 22.062161
0.086445 22.190884
0.087249 22.295658
0.088025 22.376081
0.088762 22.430524
0.089473 22.457563
0.090153 22.461966
0.090806 22.447914
0.091429 22.411736
0.092021 22.356536
0.092580 22.283588
0.093108 22.196478
0.093614 22.095282
0.094103 21.983358
0.094573 21.863672
0.095023 21.736713
0.095458 21.601801
0.095881 21.462224
0.096292 21.319527
0.096687 21.174793
0.097068 21.027503
0.097435 20.879627
0.097792 20.732553
0.098136 20.587207
0.098468 20.443731
0.098788 20.303643
0.099101 20.163770
0.099400 20.029324
0.099690 19.896019
0.099969 19.767062
0.100239 19.641488
0.100499 19.518426
0.100746 19.402054
0.100987 19.286118
0.101214 19.176645
0.101425 19.072133
0.101621 18.973061
0.101808 18.876920
0.101979 18.785325
0.102138 18.699463
0.102287 18.615812
0.102422 18.538872
0.102578 18.449590
0.102728 18.360161
0.102871 18.273901
0.103013 18.187673
0.103147 18.102023
0.103278 18.018895
0.103410 17.934670
0.103542 17.850598
0.103667 17.768807
0.103795 17.689014
0.103733 17.481328
0.103611 17.246253
0.103587 17.068460
0.103748 16.956515
0.103921 16.861623
0.104106 16.782820
0.104786 16.736074
0.105749 16.712987
0.107038 16.713648
0.108480 16.741768
0.110403 16.840308
0.112326 16.945514
0.114159 17.054229
0.115941 17.173642
0.117738 17.342398
0.119539 17.546483
0.121285 17.739906
0.122898 17.932270
0.124465 18.127372
0.125830 18.360541
0.127142 18.568753
0.128323 18.758906
0.129418 18.934022
0.130108 19.074716
0.130724 19.192377
0.131322 19.294366
0.131906 19.383156
0.132312 19.445131
0.132697 19.495468
0.133073 19.543834
0.133427 19.585237
0.133611 19.604257
0.133788 19.617472
0.133970 19.632657
0.134145 19.644191
0.134220 19.638628
0.134275 19.628020
0.134329 19.622117
0.134389 19.614301
0.134446 19.603112
0.134467 19.585047
0.134496 19.569997
0.134532 19.557297
0.134569 19.544630
0.134603 19.535199
0.134613 19.540647
0.134613 19.543803
0.134635 19.554056
0.134646 19.563266
0.134651 19.571615
N2  
0.172784 209.602040
0.164521 209.116311
0.143750 206.732229
0.129799 205.726016
0.117722 204.545734
0.107418 203.545856
0.100749 203.112841
0.098449 203.121912
0.097219 203.267875
0.096582 203.571219
0.096195 203.869371
0.094872 204.074345
0.093607 204.306906
0.092330 204.561595
0.090946 204.829334
0.089406 205.112907
0.087723 205.416065
0.085918 205.741160
0.084020 206.090660
0.082046 206.466893
0.079980 206.874073
0.077795 207.318689
0.075497 207.806546
0.073143 208.340886
0.070756 208.926618
0.068350 209.568091
0.065915 210.272157
0.063439 211.048210
0.060933 211.906334
0.058420 212.853754
0.055923 213.898836
0.053442 215.059515
0.050961 216.361943
0.048484 217.832857
0.046015 219.502979
0.043532 221.417881
0.041004 223.648654
0.038518 226.216558
0.036030 229.244338
0.033781 232.635562
0.031710 236.530798
0.029872 240.949528
0.028254 245.990512
0.026917 251.668234
0.025948 257.822416
0.025376 264.144481
0.025154 270.489145
0.025273 276.496734
0.025681 282.222008
0.026323 287.514036
0.027161 292.347521
0.028149 296.748167
0.029243 300.664953
0.030408 304.138882
0.031622 307.212297
0.032868 309.943400
0.034141 312.397586
0.035436 314.624119
0.036734 316.613831
0.038038 318.402973
0.039322 320.002241
0.040575 321.406698
0.041806 322.645657
0.043033 323.784930
0.044239 324.815447
0.045437 325.758606
0.046631 326.614681
0.047810 327.386669
0.048971 328.088207
0.050121 328.727853
0.051273 329.325120
0.052398 329.862382
0.053494 330.334407
0.054574 330.756112
0.055629 331.124679
0.056663 331.450381
0.057681 331.740135
0.058677 331.991016
0.059651 332.203894
0.060606 332.385122
0.061546 332.536949
0.062461 332.664049
0.063374 332.773351
0.064283 332.856032
0.065155 332.904874
0.066012 332.930237
0.066858 332.935541
0.067694 332.920002
0.068527 332.882308
0.069352 332.822280
0.070169 332.743300
0.070972 332.650492
0.071760 332.540373
0.072534 332.414927
0.073295 332.274280
0.074045 332.122306
0.074785 331.958440
0.075519 331.786242
0.076249 331.607069
0.076977 331.423078
0.077697 331.232002
0.078415 331.036993
0.079130 330.839394
0.079839 330.639670
0.080543 330.437519
0.081244 330.234076
0.081939 330.033346
0.082628 329.834606
0.083311 329.637784
0.083989 329.444508
0.084662 329.251513
0.085329 329.064965
0.085990 328.880355
0.086644 328.701164
0.087289 328.525621
0.087928 328.353193
0.088540 328.188965
0.089143 328.023881
0.089735 327.866927
0.090308 327.718453
0.090864 327.578286
0.091404 327.443066
0.091918 327.314080
0.092410 327.195478
0.092873 327.080607
0.093309 326.976666
0.093794 326.856240
0.094264 326.738294
0.094721 326.626938
0.095168 326.517908
0.095598 326.413381
0.096014 326.313716
0.096419 326.214557
0.096811 326.116854
0.097185 326.023230
0.097550 325.934030
0.098182 325.799505
0.098942 325.668342
0.099533 325.540904
0.099946 325.405766
0.100348 325.284042
0.100733 325.173819
0.101476 325.091127
0.102442 325.038277
0.103705 325.032162
0.105100 325.064758
0.106886 325.171929
0.108673 325.293818
0.110387 325.439537
0.112057 325.606235
0.113732 325.825204
0.115407 326.082428
0.117039 326.334947
0.118538 326.593193
0.119999 326.856622
0.121279 327.147524
0.122522 327.415296
0.123652 327.658969
0.124714 327.883657
0.125452 328.043535
0.126144 328.177862
0.126837 328.298684
0.127528 328.407979
0.128093 328.479909
0.128648 328.541733
0.129203 328.602618
0.129742 328.656449
0.130164 328.679856
0.130579 328.699441
0.130998 328.723788
0.131408 328.744535
0.131750 328.746777
0.132070 328.743787
0.132372 328.740626
0.132665 328.736564
0.132941 328.731414
0.133209 328.728208
0.133462 328.731124
0.133699 328.741596
0.133918 328.754910
0.134109 328.775218
0.134207 328.818109
0.134278 328.855237
0.134365 328.903467
0.134440 328.949332
0.134503 328.990215
K2  
0.076213 250.828760
0.071947 249.808280
0.061594 246.448037
0.054855 245.207558
0.049159 244.161921
0.044398 243.501145
0.041359 243.434463
0.040314 243.626000
0.039808 243.831488
0.039663 243.959954
0.039492 244.140566
0.038909 244.305171
0.038358 244.509831
0.037811 244.750855
0.037216 245.011669
0.036552 245.295020
0.035823 245.607389
0.035039 245.953025
0.034216 246.336032
0.033361 246.759182
0.032470 247.227365
0.031532 247.749189
0.030551 248.330736
0.029554 248.973972
0.028552 249.682265
0.027553 250.457614
0.026550 251.307330
0.025540 252.241611
0.024526 253.270829
0.023518 254.402225
0.022525 255.641610
0.021546 257.005371
0.020572 258.520724
0.019605 260.209903
0.018642 262.099773
0.017670 264.236284
0.016675 266.695576
0.015688 269.494164
0.014691 272.769693
0.013784 276.395756
0.012943 280.520399
0.012189 285.161414
0.011517 290.435857
0.010950 296.363283
0.010525 302.775727
0.010254 309.380770
0.010123 316.069179
0.010136 322.439200
0.010274 328.530912
0.010519 334.165324
0.010854 339.279489
0.011260 343.885082
0.011717 347.924862
0.012207 351.449055
0.012719 354.514639
0.013244 357.192308
0.013778 359.561948
0.014319 1.686410
0.014856 3.567960
0.015391 5.246957
0.015914 6.747261
0.016418 8.067427
0.016906 9.233171
0.017387 10.310121
0.017854 11.293731
0.018312 12.201681
0.018758 13.033254
0.019191 13.794018
0.019610 14.498121
0.020018 15.152415
0.020421 15.773165
0.020809 16.346379
0.021180 16.864909
0.021540 17.339291
0.021883 17.768176
0.022213 18.161232
0.022529 18.523495
0.022831 18.851507
0.023116 19.147531
0.023389 19.414132
0.023651 19.653048
0.023899 19.869614
0.024142 20.067132
0.024375 20.237453
0.024591 20.375284
0.024795 20.490480
0.024988 20.584709
0.025173 20.657045
0.025346 20.705381
0.025510 20.728662
0.025666 20.730526
0.025813 20.714935
0.025953 20.678422
0.026084 20.623753
0.026206 20.551948
0.026320 20.466638
0.026429 20.367245
0.026533 20.257305
0.026634 20.139841
0.026729 20.015806
0.026822 19.884596
0.026912 19.749335
0.027001 19.612112
0.027086 19.474053
0.027169 19.334773
0.027250 19.196836
0.027330 19.061111
0.027408 18.928839
0.027484 18.800259
0.027559 18.677029
0.027633 18.556313
0.027704 18.443439
0.027775 18.333817
0.027844 18.230411
0.027912 18.132228
0.027979 18.038473
0.028044 17.952085
0.028108 17.867139
0.028170 17.790123
0.028228 17.719500
0.028284 17.655057
0.028337 17.593913
0.028387 17.537239
0.028435 17.485782
0.028480 17.435769
0.028522 17.391176
0.028571 17.337808
0.028619 17.284315
0.028665 17.233203
0.028712 17.182265
0.028757 17.131122
0.028801 17.081715
0.028846 17.030491
0.028891 16.978946
0.028936 16.927135
0.028980 16.877586
0.029083 16.267436
0.029216 15.462041
0.029323 14.906589
0.029393 14.727357
0.029462 14.574682
0.029528 14.455857
0.029705 14.506764
0.029953 14.647431
0.030293 14.877284
0.030676 15.162058
0.031189 15.594839
0.031708 16.029002
0.032212 16.455091
0.032708 16.884641
0.033214 17.363915
0.033728 17.876409
0.034233 18.369012
0.034700 18.850183
0.035159 19.328878
0.035565 19.820803
0.035960 20.278694
0.036315 20.699682
0.036646 21.092969
0.036861 21.388187
0.037057 21.647110
0.037251 21.883704
0.037443 22.103127
0.037589 22.266569
0.037732 22.415576
0.037871 22.558427
0.038003 22.690691
0.038090 22.775006
0.038175 22.853636
0.038259 22.931612
0.038341 23.005256
0.038396 23.048951
0.038444 23.085359
0.038486 23.122634
0.038529 23.159148
0.038570 23.193951
0.038608 23.233460
0.038645 23.277572
0.038682 23.325815
0.038717 23.374987
0.038748 23.424521
0.038761 23.465775
0.038766 23.495153
0.038774 23.531201
0.038779 23.563957
0.038781 23.592533
K1  
0.106332 246.706730
0.104688 246.638549
0.101222 245.294362
0.098006 245.301674
0.094762 245.363457
0.092134 245.340831
0.090198 245.306936
0.088784 245.310187
0.087835 245.509171
0.087680 246.473136
0.086650 247.116689
0.085422 247.040520
0.084257 246.936516
0.083166 246.801378
0.082083 246.649745
0.081001 246.477778
0.079917 246.284327
0.078830 246.069537
0.077737 245.834842
0.076636 245.581197
0.075529 245.304281
0.074415 245.000414
0.073297 244.667280
0.072174 244.308877
0.071043 243.926272
0.069906 243.517416
0.068759 243.080932
0.067604 242.612959
0.066442 242.111263
0.065272 241.577283
0.064092 241.011113
0.062907 240.409317
0.061718 239.767011
0.060531 239.081072
0.059343 238.347820
0.058156 237.561711
0.056973 236.710452
0.055793 235.801300
0.054621 234.821180
0.053451 233.794145
0.052295 232.703843
0.051154 231.549765
0.050034 230.320180
0.048937 229.011912
0.047866 227.628792
0.046850 226.203772
0.045894 224.741554
0.044996 223.255889
0.044145 221.718688
0.043351 220.152302
0.042618 218.558582
0.041944 216.940337
0.041325 215.305007
0.040761 213.656946
0.040251 211.999554
0.039793 210.337498
0.039389 208.671603
0.039038 207.008445
0.038737 205.352348
0.038485 203.708992
0.038280 202.081499
0.038117 200.475269
0.037997 198.894624
0.037922 197.338608
0.037889 195.807946
0.037898 194.303039
0.037953 192.822125
0.038047 191.367315
0.038181 189.937925
0.038355 188.537848
0.038564 187.167604
0.038804 185.830378
0.039076 184.529392
0.039372 183.262637
0.039699 182.037331
0.040054 180.854659
0.040439 179.719124
0.040850 178.629966
0.041290 177.594332
0.041748 176.603444
0.042227 175.661920
0.042721 174.767548
0.043228 173.921015
0.043749 173.124256
0.044281 172.371657
0.044827 171.672411
0.045380 171.020079
0.045939 170.414554
0.046510 169.864806
0.047082 169.355243
0.047652 168.894488
0.048212 168.476019
0.048761 168.099373
0.049301 167.761845
0.049832 167.461740
0.050355 167.199033
0.050867 166.967274
0.051368 166.763403
0.051859 166.587183
0.052343 166.439431
0.052815 166.311456
0.053278 166.202814
0.053733 166.111689
0.054179 166.038179
0.054618 165.981950
0.055050 165.939864
0.055475 165.912831
0.055893 165.900676
0.056305 165.901883
0.056710 165.916534
0.057107 165.940802
0.057498 165.978704
0.057881 166.026498
0.058259 166.086406
0.058629 166.156722
0.058990 166.236289
0.059336 166.321932
0.059672 166.413602
0.060000 166.515268
0.060312 166.620138
0.060611 166.728168
0.060898 166.838204
0.061168 166.949767
0.061424 167.056754
0.061660 167.157875
0.061883 167.255198
0.062129 167.359819
0.062363 167.456806
0.062594 167.545815
0.062819 167.624363
0.063035 167.688794
0.063250 167.740011
0.063461 167.770579
0.063671 167.788583
0.063877 167.778862
0.064094 167.764902
0.065708 167.358506
0.067853 166.829010
0.069327 166.438247
0.069756 166.229790
0.070165 165.980974
0.070527 165.700746
0.070667 165.220395
0.070655 164.638729
0.070472 163.969195
0.070151 163.273784
0.069563 162.350043
0.068925 161.444616
0.068230 160.580542
0.067460 159.690327
0.066428 158.714536
0.065183 157.635285
0.063966 156.458633
0.062871 154.955045
0.061797 153.242118
0.060593 151.012662
0.059627 148.620594
0.059148 146.042177
0.059043 143.352201
0.059547 140.475104
0.060356 137.725064
0.061347 135.236495
0.062507 132.923136
0.063975 130.650070
0.065591 128.522314
0.067276 126.647322
0.069078 124.959461
0.071007 123.391112
0.073005 121.938033
0.074925 120.682247
0.076916 119.560638
0.078927 118.542817
0.080980 117.625635
0.083065 116.866934
0.085143 116.189148
0.087167 115.535057
0.089298 114.666754
0.091280 113.913625
0.093085 113.305662
0.094775 112.783116
0.096214 112.397984
0.096735 112.457260
0.097097 112.609741
0.097382 112.876096
0.097649 113.143193
0.097881 113.385306
O1  
0.091539 237.123549
0.090199 236.360080
0.087214 233.940018
0.084751 233.201034
0.082321 232.624930
0.080255 232.189135
0.078756 231.951633
0.077811 231.834741
0.077018 231.827634
0.076166 232.158889
0.075219 232.327845
0.074480 232.206798
0.073774 232.078374
0.073104 231.943869
0.072434 231.806095
0.071757 231.663732
0.071075 231.515811
0.070387 231.362072
0.069693 231.201882
0.068990 231.035297
0.068283 230.860516
0.067568 230.677229
0.066847 230.484354
0.066121 230.282249
0.065388 230.071012
0.064650 229.849332
0.063904 229.617017
0.063151 229.372823
0.062391 229.115751
0.061624 228.845862
0.060848 228.562715
0.060067 228.265162
0.059279 227.951555
0.058486 227.621108
0.057688 227.272314
0.056885 226.904194
0.056075 226.512532
0.055259 226.098534
0.054437 225.659115
0.053611 225.198855
0.052782 224.713351
0.051952 224.202305
0.051121 223.662106
0.050288 223.091482
0.049457 222.489999
0.048649 221.871710
0.047866 221.239441
0.047111 220.595894
0.046369 219.929478
0.045653 219.248874
0.044963 218.553093
0.044297 217.842907
0.043656 217.119782
0.043040 216.383661
0.042448 215.635148
0.041881 214.875006
0.041338 214.102419
0.040820 213.319116
0.040326 212.525077
0.039857 211.721848
0.039412 210.909500
0.038990 210.089032
0.038592 209.261573
0.038218 208.425196
0.037869 207.577814
0.037542 206.718788
0.037241 205.842965
0.036963 204.951766
0.036707 204.044006
0.036476 203.118952
0.036266 202.180091
0.036079 201.228645
0.035914 200.265757
0.035769 199.294287
0.035648 198.314180
0.035553 197.327022
0.035485 196.334281
0.035445 195.339092
0.035435 194.343232
0.035449 193.349484
0.035491 192.360223
0.035558 191.378408
0.035651 190.406661
0.035771 189.445372
0.035915 188.496901
0.036092 187.565927
0.036293 186.653438
0.036522 185.761944
0.036784 184.897862
0.037069 184.056551
0.037379 183.249230
0.037705 182.479627
0.038047 181.749566
0.038404 181.057327
0.038776 180.402816
0.039163 179.789068
0.039561 179.212209
0.039966 178.671570
0.040382 178.166364
0.040806 177.699535
0.041235 177.264000
0.041667 176.858938
0.042102 176.483324
0.042539 176.136794
0.042978 175.820214
0.043418 175.528382
0.043858 175.262686
0.044297 175.021739
0.044735 174.804711
0.045171 174.609226
0.045604 174.434297
0.046035 174.279550
0.046462 174.143152
0.046885 174.024000
0.047306 173.920393
0.047720 173.832596
0.048120 173.756044
0.048514 173.690974
0.048902 173.638976
0.049275 173.600203
0.049638 173.570095
0.049988 173.546542
0.050323 173.529158
0.050640 173.514966
0.050936 173.503056
0.051213 173.489884
0.051518 173.469849
0.051808 173.446258
0.052085 173.415998
0.052349 173.379291
0.052593 173.333322
0.052824 173.278942
0.053035 173.212714
0.053232 173.137766
0.053403 173.051793
0.053568 172.957484
0.054349 173.156754
0.055356 173.445136
0.056025 173.569364
0.056188 173.494517
0.056302 173.364538
0.056357 173.185636
0.056073 172.829223
0.055591 172.446632
0.054904 172.117200
0.054098 171.861361
0.052888 171.589323
0.051670 171.381503
0.050480 171.272441
0.049246 171.227905
0.047801 171.346706
0.046174 171.607863
0.044525 171.849520
0.042728 171.803386
0.040806 171.665117
0.038456 171.334487
0.036127 170.742264
0.033885 169.463472
0.031716 167.578073
0.029678 164.426604
0.027884 160.636712
0.026399 156.484474
0.025170 151.897584
0.024232 146.451873
0.023592 140.625974
0.023297 134.827030
0.023344 129.053824
0.023724 123.370255
0.024350 117.969910
0.025135 113.244101
0.026141 108.965279
0.027307 105.195619
0.028614 101.855391
0.030078 99.028485
0.031601 96.565095
0.033108 94.330704
0.034639 91.729892
0.036103 89.532528
0.037468 87.770358
0.038765 86.279538
0.039881 85.169941
0.040292 85.164757
0.040593 85.390376
0.040845 85.851871
0.041086 86.321181
0.041299 86.748765
P1  
0.030786 255.659179
0.030858 253.632965
0.030935 249.046336
0.030627 247.262363
0.030155 246.052751
0.029673 245.170993
0.029230 244.697446
0.028840 244.578173
0.028521 244.744639
0.028312 245.715878
0.027918 246.352566
0.027542 246.275966
0.027185 246.175390
0.026848 246.048389
0.026513 245.907160
0.026178 245.748012
0.025842 245.569862
0.025504 245.372639
0.025164 245.157694
0.024821 244.925800
0.024476 244.673080
0.024129 244.396317
0.023780 244.093347
0.023429 243.767670
0.023075 243.420135
0.022719 243.048885
0.022360 242.652638
0.021998 242.227912
0.021634 241.772659
0.021266 241.288169
0.020895 240.774326
0.020522 240.228098
0.020147 239.645068
0.019772 239.022237
0.019396 238.356459
0.019020 237.642420
0.018644 236.869333
0.018268 236.043253
0.017894 235.152325
0.017520 234.218056
0.017149 233.225167
0.016781 232.173568
0.016419 231.052544
0.016063 229.858426
0.015714 228.594501
0.015380 227.290834
0.015065 225.951194
0.014767 224.587971
0.014483 223.175206
0.014216 221.733033
0.013967 220.262564
0.013735 218.766154
0.013520 217.250559
0.013323 215.718913
0.013141 214.174662
0.012976 212.621839
0.012827 211.060858
0.012695 209.497631
0.012578 207.936246
0.012477 206.381683
0.012390 204.837180
0.012317 203.307638
0.012257 201.797403
0.012212 200.305275
0.012180 198.831766
0.012161 197.377457
0.012157 195.940106
0.012166 194.521965
0.012187 193.122427
0.012222 191.744601
0.012268 190.390610
0.012324 189.063530
0.012392 187.766275
0.012468 186.498369
0.012555 185.266667
0.012653 184.072464
0.012761 182.919875
0.012878 181.809062
0.013007 180.746259
0.013143 179.724405
0.013287 178.747345
0.013439 177.813737
0.013597 176.924409
0.013762 176.080762
0.013933 175.278300
0.014111 174.525603
0.014295 173.817173
0.014484 173.153217
0.014680 172.542339
0.014880 171.970851
0.015082 171.447189
0.015285 170.966880
0.015486 170.530247
0.015687 170.133875
0.015888 169.776512
0.016088 169.459469
0.016286 169.175422
0.016482 168.922161
0.016676 168.699352
0.016868 168.508117
0.017057 168.339921
0.017243 168.193456
0.017426 168.067240
0.017606 167.960970
0.017783 167.874479
0.017956 167.803697
0.018126 167.748962
0.018293 167.709361
0.018456 167.683383
0.018616 167.670788
0.018771 167.667344
0.018923 167.677296
0.019072 167.695672
0.019216 167.724547
0.019357 167.761817
0.019494 167.806714
0.019623 167.856596
0.019748 167.910679
0.019869 167.973277
0.019982 168.038939
0.020091 168.106998
0.020193 168.176512
0.020288 168.247506
0.020377 168.314969
0.020457 168.376827
0.020532 168.436769
0.020613 168.498219
0.020689 168.552192
0.020762 168.599835
0.020831 168.636909
0.020896 168.662656
0.020960 168.676851
0.021020 168.675417
0.021080 168.663031
0.021137 168.631653
0.021196 168.596765
0.021858 168.017434
0.022745 167.307212
0.023353 166.831615
0.023532 166.637391
0.023699 166.417910
0.023842 166.179134
0.023877 165.811326
0.023851 165.381349
0.023767 164.911365
0.023637 164.433230
0.023410 163.787379
0.023168 163.166605
0.022913 162.596743
0.022637 162.019232
0.022282 161.389339
0.021861 160.696416
0.021445 159.941306
0.021053 158.927100
0.020656 157.756452
0.020200 156.175660
0.019798 154.455067
0.019520 152.519610
0.019334 150.433336
0.019313 148.046532
0.019378 145.697003
0.019504 143.522463
0.019681 141.456425
0.019951 139.349214
0.020267 137.335878
0.020615 135.521620
0.021007 133.848798
0.021456 132.250147
0.021930 130.749057
0.022392 129.439892
0.022881 128.248577
0.023397 127.155486
0.023931 126.154761
0.024483 125.296241
0.025034 124.519587
0.025568 123.775939
0.026114 122.837552
0.026618 122.021911
0.027075 121.361285
0.027501 120.792303
0.027862 120.371717
0.027994 120.428433
0.028093 120.579568
0.028176 120.842161
0.028255 121.106980
0.028325 121.347812
Q1  
0.016844 220.171001
0.016602 219.192584
0.016081 216.606675
0.015678 215.696499
0.015302 214.989396
0.014982 214.498439
0.014753 214.232865
0.014619 214.029658
0.014576 213.749795
0.014743 213.186797
0.014751 212.760252
0.014637 212.536286
0.014529 212.315878
0.014425 212.102594
0.014320 211.892391
0.014213 211.685163
0.014106 211.479944
0.013997 211.275793
0.013887 211.070992
0.013775 210.864605
0.013663 210.656196
0.013549 210.446924
0.013434 210.235977
0.013319 210.021695
0.013203 209.803338
0.013086 209.579573
0.012967 209.350871
0.012848 209.117032
0.012728 208.877333
0.012607 208.630898
0.012485 208.376566
0.012362 208.114061
0.012238 207.843175
0.012114 207.563670
0.011989 207.274785
0.011863 206.977398
0.011736 206.670801
0.011608 206.352715
0.011478 206.024267
0.011348 205.679871
0.011218 205.320873
0.011087 204.946845
0.010955 204.557847
0.010823 204.153056
0.010691 203.730247
0.010561 203.300065
0.010435 202.865685
0.010313 202.426406
0.010192 201.975660
0.010074 201.519299
0.009960 201.056634
0.009849 200.588334
0.009741 200.114379
0.009636 199.634615
0.009535 199.149210
0.009436 198.658522
0.009341 198.162241
0.009249 197.661133
0.009160 197.154648
0.009073 196.643243
0.008990 196.126470
0.008910 195.604794
0.008833 195.078588
0.008760 194.545664
0.008689 194.004055
0.008621 193.452741
0.008556 192.887087
0.008495 192.308064
0.008435 191.714238
0.008380 191.103646
0.008326 190.478543
0.008276 189.839555
0.008228 189.186741
0.008183 188.522228
0.008141 187.843888
0.008103 187.151795
0.008069 186.445459
0.008039 185.727290
0.008013 184.995895
0.007991 184.255156
0.007974 183.504846
0.007961 182.747679
0.007953 181.983342
0.007949 181.212233
0.007949 180.439207
0.007956 179.663811
0.007967 178.888039
0.007984 178.114181
0.008007 177.345703
0.008036 176.582559
0.008070 175.833365
0.008108 175.105010
0.008150 174.399185
0.008197 173.716564
0.008247 173.057860
0.008302 172.427009
0.008360 171.821643
0.008421 171.242913
0.008485 170.690633
0.008552 170.168345
0.008621 169.671567
0.008692 169.199740
0.008764 168.752976
0.008838 168.331294
0.008913 167.935667
0.008989 167.561749
0.009065 167.211198
0.009142 166.883011
0.009219 166.576494
0.009297 166.289264
0.009375 166.021319
0.009452 165.771178
0.009529 165.538162
0.009606 165.321035
0.009683 165.118127
0.009759 164.930002
0.009831 164.755176
0.009903 164.591423
0.009974 164.441301
0.010043 164.307551
0.010110 164.184949
0.010174 164.072249
0.010235 163.970281
0.010293 163.877344
0.010347 163.792198
0.010397 163.713332
0.010451 163.623002
0.010502 163.534517
0.010550 163.447896
0.010595 163.360531
0.010636 163.272525
0.010674 163.182764
0.010709 163.090387
0.010740 162.994939
0.010768 162.898952
0.010794 162.800454
0.010689 161.993102
0.010540 160.908470
0.010440 160.140947
0.010417 159.913586
0.010389 159.692452
0.010359 159.492612
0.010299 159.427844
0.010221 159.465347
0.010125 159.635788
0.010022 159.907309
0.009873 160.352469
0.009728 160.847449
0.009595 161.376325
0.009465 161.956534
0.009320 162.688588
0.009164 163.555651
0.009007 164.436910
0.008824 165.250637
0.008628 166.104620
0.008377 167.064041
0.008122 167.978897
0.007851 168.650149
0.007569 169.165739
0.007246 169.217671
0.006928 169.089626
0.006631 168.846874
0.006345 168.494753
0.006049 167.780981
0.005760 166.912388
0.005491 165.899518
0.005235 164.672059
0.004988 163.032542
0.004752 161.208847
0.004539 159.349502
0.004342 157.237332
0.004170 154.789044
0.004016 152.083105
0.003883 149.100049
0.003768 145.979369
0.003663 142.828800
0.003535 139.451024
0.003426 136.199710
0.003341 133.186258
0.003273 130.319692
0.003227 127.895325
0.003240 127.273083
0.003268 126.958818
0.003311 126.833048
0.003355 126.750322
0.003395 126.698214
MM  
0.008663 353.972366
0.008668 353.759488
0.008662 353.509026
0.008652 353.365820
0.008639 353.269669
0.008623 353.211199
0.008604 353.181357
0.008582 353.164106
0.008554 353.151216
0.008523 353.141296
0.008486 353.138259
0.008440 353.122707
0.008379 353.021633
0.008314 352.868562
0.008248 352.740187
0.008184 352.650421
0.008120 352.591343
0.008055 352.551679
0.007990 352.520136
0.007922 352.491211
0.007853 352.472698
0.007785 352.475758
0.007718 352.497995
0.007649 352.520451
0.007577 352.537139
0.007502 352.546684
0.007424 352.562467
0.007344 352.589488
0.007263 352.626405
0.007179 352.675828
0.007088 352.735550
0.006993 352.802140
0.006894 352.874578
0.006794 352.951761
0.006690 353.029819
0.006586 353.095661
0.006484 353.134811
0.006380 353.167285
0.006278 353.150896
0.006164 353.185520
0.006045 353.212569
0.005920 353.239905
0.005793 353.221876
0.005664 353.155775
0.005530 353.093987
0.005394 353.016896
0.005261 352.839693
0.005128 352.679950
0.004993 352.499935
0.004861 352.284407
0.004731 352.051497
0.004605 351.759148
0.004482 351.469006
0.004361 351.186977
0.004242 350.950671
0.004126 350.768472
0.004011 350.575340
0.003900 350.294471
0.003793 350.029954
0.003689 349.712816
0.003588 349.480717
0.003486 349.515588
0.003384 349.691097
0.003281 349.732932
0.003173 349.849942
0.003067 349.864870
0.002962 349.814259
0.002853 349.813637
0.002739 349.877032
0.002622 349.881464
0.002505 349.449526
0.002387 348.998325
0.002266 348.723667
0.002146 348.324126
0.002024 347.917203
0.001900 347.379605
0.001778 346.566229
0.001657 345.555329
0.001536 344.291085
0.001417 342.664070
0.001301 340.551915
0.001194 337.890527
0.001098 334.024406
0.001000 329.203584
0.000910 323.903710
0.000835 317.429113
0.000776 309.810901
0.000736 301.257989
0.000714 291.913841
0.000710 282.116285
0.000727 272.740226
0.000762 264.352395
0.000811 257.064000
0.000870 250.833919
0.000937 245.466569
0.001012 240.929841
0.001089 237.204346
0.001168 234.037124
0.001249 231.270263
0.001332 228.852309
0.001416 226.757081
0.001501 224.890529
0.001587 223.226435
0.001673 221.784565
0.001757 220.566157
0.001840 219.510777
0.001923 218.590225
0.002004 217.819237
0.002082 217.188666
0.002158 216.664363
0.002233 216.228222
0.002306 215.873454
0.002376 215.592904
0.002444 215.355655
0.002512 215.153612
0.002577 215.004437
0.002639 214.921118
0.002698 214.898301
0.002754 214.928524
0.002804 215.004750
0.002852 215.112491
0.002896 215.244194
0.002935 215.398323
0.002968 215.569813
0.002997 215.750617
0.003019 215.937091
0.003039 216.147910
0.003053 216.352777
0.003062 216.535476
0.003069 216.695700
0.003074 216.828342
0.003079 216.953843
0.003084 217.105289
0.003089 217.256623
0.003091 217.506762
0.003093 217.734362
0.003093 218.060422
0.003091 218.404433
0.003090 218.692780
0.003096 218.937849
0.003102 219.162501
0.003109 219.336428
0.003118 219.372553
0.003128 219.376687
0.003137 219.397576
0.003146 219.394335
0.003154 219.317202
0.003162 219.224246
0.003169 219.132826
0.003177 219.034565
0.003184 218.916600
0.003191 218.783637
0.003198 218.647496
0.003206 218.511247
0.003213 218.374204
0.003221 218.252568
0.003230 218.129102
0.003238 218.008850
0.003247 217.888798
0.003255 217.786497
0.003264 217.685004
0.003273 217.585918
0.003282 217.486406
0.003292 217.393439
0.003301 217.300267
0.003311 217.209502
0.003321 217.119631
0.003331 217.036278
0.003342 216.954872
0.003352 216.877714
0.003361 216.803810
0.003372 216.731819
0.003381 216.660893
0.003391 216.590942
0.003400 216.522273
0.003409 216.452046
0.003418 216.359439
0.003427 216.266585
0.003435 216.172762
0.003443 216.081598
0.003450 215.999795
0.003451 215.966612
0.003452 215.951269
0.003452 215.937168
0.003451 215.928182
0.003451 215.922506
MF  
0.017568 359.133611
0.017591 358.711696
0.017594 358.219008
0.017585 357.946778
0.017567 357.772444
0.017541 357.676969
0.017509 357.648990
0.017464 357.659228
0.017406 357.681404
0.017336 357.707163
0.017252 357.734699
0.017148 357.724921
0.017033 357.622319
0.016918 357.487566
0.016798 357.369451
0.016675 357.275090
0.016549 357.200563
0.016419 357.139487
0.016284 357.084144
0.016144 357.029934
0.015999 356.982205
0.015851 356.950497
0.015700 356.936863
0.015543 356.927483
0.015381 356.917715
0.015211 356.903493
0.015034 356.889708
0.014852 356.881727
0.014663 356.881583
0.014467 356.882903
0.014261 356.877500
0.014044 356.869761
0.013820 356.871003
0.013589 356.883286
0.013353 356.900060
0.013119 356.911926
0.012899 356.927612
0.012684 356.941234
0.012491 356.961652
0.012270 357.013810
0.012039 357.075315
0.011796 357.143387
0.011557 357.217530
0.011321 357.295151
0.011074 357.369457
0.010823 357.438664
0.010585 357.517535
0.010338 357.606260
0.010087 357.696031
0.009837 357.785900
0.009590 357.869514
0.009349 357.940353
0.009104 358.011452
0.008856 358.079171
0.008603 358.141135
0.008349 358.190000
0.008101 358.216224
0.007863 358.214878
0.007629 358.201616
0.007402 358.169425
0.007178 358.126253
0.006954 358.105289
0.006729 358.093889
0.006513 358.030589
0.006301 357.949730
0.006096 357.818819
0.005890 357.650711
0.005685 357.468384
0.005480 357.271986
0.005277 357.027482
0.005079 356.663177
0.004883 356.283019
0.004685 355.892902
0.004486 355.406792
0.004285 354.840316
0.004085 354.179737
0.003888 353.387589
0.003692 352.438460
0.003499 351.301366
0.003308 349.933177
0.003122 348.295903
0.002944 346.422608
0.002781 344.356655
0.002618 341.830081
0.002456 338.687756
0.002308 335.061499
0.002173 331.020727
0.002052 326.515215
0.001944 321.368849
0.001851 315.573893
0.001779 309.505105
0.001729 303.486413
0.001698 297.552444
0.001686 291.612106
0.001695 285.689032
0.001724 280.021071
0.001767 274.805551
0.001820 269.991929
0.001882 265.564935
0.001954 261.542236
0.002034 257.868472
0.002119 254.546425
0.002209 251.538953
0.002304 248.836945
0.002401 246.433277
0.002500 244.284774
0.002600 242.376221
0.002698 240.695463
0.002795 239.217440
0.002890 237.909068
0.002982 236.750800
0.003072 235.728851
0.003159 234.833834
0.003244 234.045086
0.003328 233.359503
0.003407 232.777255
0.003480 232.293566
0.003548 231.890572
0.003609 231.573539
0.003663 231.337513
0.003710 231.156894
0.003752 231.022564
0.003787 230.928603
0.003815 230.843783
0.003836 230.765687
0.003851 230.665471
0.003864 230.515024
0.003873 230.323524
0.003879 230.083308
0.003885 229.814639
0.003892 229.513220
0.003899 229.210074
0.003902 228.916627
0.003905 228.654866
0.003897 228.420433
0.003891 228.203180
0.003874 228.069556
0.003855 227.956906
0.003842 227.830374
0.003841 227.911006
0.003841 227.974924
0.003845 227.984441
0.003867 227.884714
0.003892 227.758115
0.003916 227.648201
0.003940 227.505130
0.003967 227.234227
0.003995 226.946941
0.004023 226.666619
0.004050 226.383422
0.004078 226.085020
0.004105 225.778640
0.004133 225.475599
0.004162 225.179067
0.004190 224.887351
0.004219 224.631226
0.004248 224.374592
0.004277 224.124683
0.004306 223.876882
0.004336 223.664960
0.004365 223.457245
0.004394 223.256702
0.004424 223.058467
0.004452 222.887898
0.004481 222.720316
0.004509 222.559608
0.004536 222.401743
0.004562 222.273940
0.004588 222.150679
0.004613 222.035005
0.004637 221.924068
0.004660 221.832596
0.004681 221.745086
0.004702 221.656298
0.004723 221.567534
0.004742 221.476910
0.004763 221.360180
0.004783 221.236124
0.004801 221.104213
0.004819 220.972668
0.004835 220.852285
0.004840 220.800783
0.004842 220.771477
0.004844 220.741907
0.004845 220.718646
0.004845 220.700542
